$nodes
0 0.0 0.0
1 0.5 0.0
2 1.0 0.0
3 1.5 0.0
4 2.0 0.0
5 2.5 0.0
6 0.0 0.4
7 0.5 0.4
8 1.0 0.4
9 1.5 0.4
10 2.0 0.4
11 2.5 0.4
12 0.0 0.8
13 0.5 0.8
14 1.0 0.8
15 1.5 0.8
16 2.0 0.8
17 2.5 0.8
18 0.0 1.2
19 0.5 1.2
20 1.0 1.2
21 1.5 1.2
22 2.0 1.2
23 2.5 1.2
$edges
0 1
0 6
0 7
1 2
1 6
1 7
1 8
2 3
2 7
2 8
2 9
3 4
3 8
3 9
3 10
4 5
4 9
4 10
4 11
5 10
5 11
6 7
6 12
6 13
7 8
7 12
7 13
7 14
8 9
8 13
8 14
8 15
9 10
9 14
9 15
9 16
10 11
10 15
10 16
10 17
11 16
11 17
12 13
12 18
12 19
13 14
13 18
13 19
13 20
14 15
14 19
14 20
14 21
15 16
15 20
15 21
15 22
16 17
16 21
16 22
16 23
17 22
17 23
18 19
19 20
20 21
21 22
22 23
